-7.486917518877799216e-01
9.138660441214533359e-01
1.062763332705424002e+00
5.690679584497765342e-01
1.280195462555240749e+00
1.457171796780021733e+00
1.076065398055648270e+00
1.090196278746080605e+00
1.359857801876831029e+00
1.106585598831349326e+00
1.070287396702935379e+00
8.612795304473032099e-01
1.168538572514845608e+00
1.068196059110286367e+00
1.169181064128035796e+00
1.128677571746544483e+00
9.111872511689892429e-01
-9.690425694067957840e-01
1.086412881504610350e+00
1.006966230768165271e+00
1.056182909742572118e+00
9.467191974686489653e-01
8.639752106789032604e-01
1.049312177952136604e+00
6.165787006797899261e-01
9.593694704072547319e-01
5.246635913320926159e-01
9.746255761593648481e-01
8.832325446916527989e-01
8.596599168900415089e-01
8.146530711776697742e-02
1.157122378253118367e+00
1.193805083722748517e+00
-1.119771217968765331e+00
-8.754922807203729951e-01
7.644412359611699737e-01
1.010450061900909358e+00
1.052861687060640872e+00
1.193630881473529026e+00
1.286391241890624482e+00
9.193210616489949638e-01
1.053108877704191482e+00
-1.130561743537331854e+00
1.329531236932104843e+00
8.869278695015175851e-01
1.074807471252568813e+00
1.595065291108137995e+00
-1.025561374562944383e+00
6.592164373646017816e-01
-1.041190799176803683e+00
8.991891553655865232e-01
-1.011409054713138023e+00
5.558400633431453963e-01
-8.220817941985160138e-01
7.757217446106526859e-01
9.391283935896655999e-01
1.142447596806298815e+00
9.215256115732884945e-01
9.330211873956987256e-01
-7.293494943158570498e-01
1.386942834713321471e+00
1.345248858455233343e+00
-6.171937477680827788e-01
2.701532859673051457e-01
1.160969821890441178e+00
-8.884774820452591149e-01
9.701879553558022673e-01
1.211826930302535299e+00
1.465012864875395504e+00
8.188211636515202452e-01
